"","V1","V2","V3","V4","V5","V6","V7","V8","V9","V10","V11","V12","V13","V14","V15","V16","V17","V18","V19","V20","V21","V22","V23","V24","V25","V26","V27","V28","V29","V30","V31","V32","V33","V34","V35","V36","V37","V38","V39","V40","V41","V42","V43","V44","V45","V46","V47","V48","V49","V50","V51","V52","V53","V54","V55","V56","V57","V58","V59","V60","V61","V62","V63","V64","V65","V66","V67","V68","V69","V70","V71","V72","V73","V74","V75","V76","V77","V78","V79","V80","V81","V82","V83","V84","V85","V86","V87","V88","V89","V90","V91","V92","V93","V94","V95","V96","V97","V98","V99","V100","V101","V102","V103","V104","V105","V106","V107","V108","V109","V110","V111","V112","V113","V114","V115","V116","V117","V118","V119","V120","V121","V122","V123","V124","V125","V126","V127","V128","V129","V130","V131","V132","V133","V134","V135","V136","V137","V138","V139","V140","V141","V142","V143","V144","V145","V146","V147","V148","V149","V150","V151","V152","V153","V154","V155","V156","V157","V158","V159","V160","V161","V162","V163","V164","V165","V166","V167","V168","V169","V170","V171","V172","V173","V174","V175","V176","V177","V178","V179","V180","V181","V182","V183","V184","V185","V186","V187","V188","V189","V190","V191","V192","V193","V194","V195","V196","V197","V198","V199","V200","V201","V202","V203","V204","V205","V206","V207","V208","V209","V210","V211","V212","V213","V214","V215","V216","V217","V218","V219","V220","V221","V222","V223","V224","V225","V226","V227","V228","V229","V230","V231","V232","V233","V234","V235","V236","V237","V238","V239","V240","V241","V242","V243","V244","V245","V246","V247","V248","V249","V250","V251","V252","V253","V254","V255","V256","V257","V258","V259","V260","V261","V262","V263","V264","V265","V266","V267","V268","V269","V270","V271","V272","V273","V274","V275","V276","V277","V278","V279","V280","V281","V282","V283","V284","V285","V286","V287","V288","V289","V290","V291","V292","V293","V294","V295","V296","V297","V298","V299","V300"
"eaten.eaten",12,6,8,7,10,11,15,6,9,8,7,13,10,13,10,5,10,4,10,12,9,11,10,10,17,7,9,9,7,14,12,8,3,8,8,7,6,7,5,5,8,12,7,6,11,5,12,8,6,8,9,10,6,11,8,7,13,10,16,14,7,8,14,13,7,7,2,9,5,8,6,10,12,8,5,4,14,7,9,8,7,6,9,5,7,12,7,10,12,7,8,7,10,7,9,11,11,11,10,4,15,17,5,7,13,5,8,6,8,14,7,9,4,13,6,7,8,13,5,9,5,8,8,16,9,11,6,6,4,5,6,6,11,7,11,9,8,14,8,11,10,14,8,7,8,11,8,7,9,10,6,8,9,7,10,7,7,9,10,5,9,7,7,15,7,5,10,7,9,9,7,7,7,19,7,3,13,4,7,7,4,4,4,10,9,11,4,10,6,9,11,7,12,8,10,5,7,8,2,16,8,7,14,13,9,7,8,8,7,7,10,9,11,5,11,11,5,12,9,7,7,10,10,6,9,13,9,9,14,4,3,9,7,18,8,7,10,8,7,4,6,5,9,10,10,9,7,7,3,12,10,9,5,9,8,7,10,5,9,4,11,9,10,6,13,5,13,6,8,12,11,7,4,8,8,10,12,8,9,10,9,7,11,9,6,8,8,4,19,9,5,11,11,9,6,12,7,5,11,7
"n_fruits_created",320,320,320,320,320,320,320,320,320,320,320,320,320,320,320,320,320,320,320,320,320,320,320,320,320,320,320,320,320,320,320,320,320,320,320,320,320,320,320,320,320,320,320,320,320,320,320,320,320,320,320,320,320,320,320,320,320,320,320,320,320,320,320,320,320,320,320,320,320,320,320,320,320,320,320,320,320,320,320,320,320,320,320,320,320,320,320,320,320,320,320,320,320,320,320,320,320,320,320,320,320,320,320,320,320,320,320,320,320,320,320,320,320,320,320,320,320,320,320,320,320,320,320,320,320,320,320,320,320,320,320,320,320,320,320,320,320,320,320,320,320,320,320,320,320,320,320,320,320,320,320,320,320,320,320,320,320,320,320,320,320,320,320,320,320,320,320,320,320,320,320,320,320,320,320,320,320,320,320,320,320,320,320,320,320,320,320,320,320,320,320,320,320,320,320,320,320,320,320,320,320,320,320,320,320,320,320,320,320,320,320,320,320,320,320,320,320,320,320,320,320,320,320,320,320,320,320,320,320,320,320,320,320,320,320,320,320,320,320,320,320,320,320,320,320,320,320,320,320,320,320,320,320,320,320,320,320,320,320,320,320,320,320,320,320,320,320,320,320,320,320,320,320,320,320,320,320,320,320,320,320,320,320,320,320,320,320,320,320,320,320,320,320,320,320,320,320,320,320,320
"scalarproptimeval",0,0,0,0,0,0,0,0,0,0,0,0,0,0,0,0,0,0,0,0,0,0,0,0,0,0,0,0,0,0,0,0,0,0,0,0,0,0,0,0,0,0,0,0,0,0,0,0,0,0,0,0,0,0,0,0,0,0,0,0,0,0,0,0,0,0,0,0,0,0,0,0,0,0,0,0,0,0,0,0,0,0,0,0,0,0,0,0,0,0,0,0,0,0,0,0,0,0,0,0,0,0,0,0,0,0,0,0,0,0,0,0,0,0,0,0,0,0,0,0,0,0,0,0,0,0,0,0,0,0,0,0,0,0,0,0,0,0,0,0,0,0,0,0,0,0,0,0,0,0,0,0,0,0,0,0,0,0,0,0,0,0,0,0,0,0,0,0,0,0,0,0,0,0,0,0,0,0,0,0,0,0,0,0,0,0,0,0,0,0,0,0,0,0,0,0,0,0,0,0,0,0,0,0,0,0,0,0,0,0,0,0,0,0,0,0,0,0,0,0,0,0,0,0,0,0,0,0,0,0,0,0,0,0,0,0,0,0,0,0,0,0,0,0,0,0,0,0,0,0,0,0,0,0,0,0,0,0,0,0,0,0,0,0,0,0,0,0,0,0,0,0,0,0,0,0,0,0,0,0,0,0,0,0,0,0,0,0,0,0,0,0,0,0,0,0,0,0,0,0
"inaccuracy_factor",0.72,0.72,0.72,0.72,0.72,0.72,0.72,0.72,0.72,0.72,0.72,0.72,0.72,0.72,0.72,0.72,0.72,0.72,0.72,0.72,0.72,0.72,0.72,0.72,0.72,0.72,0.72,0.72,0.72,0.72,0.72,0.72,0.72,0.72,0.72,0.72,0.72,0.72,0.72,0.72,0.72,0.72,0.72,0.72,0.72,0.72,0.72,0.72,0.72,0.72,0.72,0.72,0.72,0.72,0.72,0.72,0.72,0.72,0.72,0.72,0.72,0.72,0.72,0.72,0.72,0.72,0.72,0.72,0.72,0.72,0.72,0.72,0.72,0.72,0.72,0.72,0.72,0.72,0.72,0.72,0.72,0.72,0.72,0.72,0.72,0.72,0.72,0.72,0.72,0.72,0.72,0.72,0.72,0.72,0.72,0.72,0.72,0.72,0.72,0.72,0.72,0.72,0.72,0.72,0.72,0.72,0.72,0.72,0.72,0.72,0.72,0.72,0.72,0.72,0.72,0.72,0.72,0.72,0.72,0.72,0.72,0.72,0.72,0.72,0.72,0.72,0.72,0.72,0.72,0.72,0.72,0.72,0.72,0.72,0.72,0.72,0.72,0.72,0.72,0.72,0.72,0.72,0.72,0.72,0.72,0.72,0.72,0.72,0.72,0.72,0.72,0.72,0.72,0.72,0.72,0.72,0.72,0.72,0.72,0.72,0.72,0.72,0.72,0.72,0.72,0.72,0.72,0.72,0.72,0.72,0.72,0.72,0.72,0.72,0.72,0.72,0.72,0.72,0.72,0.72,0.72,0.72,0.72,0.72,0.72,0.72,0.72,0.72,0.72,0.72,0.72,0.72,0.72,0.72,0.72,0.72,0.72,0.72,0.72,0.72,0.72,0.72,0.72,0.72,0.72,0.72,0.72,0.72,0.72,0.72,0.72,0.72,0.72,0.72,0.72,0.72,0.72,0.72,0.72,0.72,0.72,0.72,0.72,0.72,0.72,0.72,0.72,0.72,0.72,0.72,0.72,0.72,0.72,0.72,0.72,0.72,0.72,0.72,0.72,0.72,0.72,0.72,0.72,0.72,0.72,0.72,0.72,0.72,0.72,0.72,0.72,0.72,0.72,0.72,0.72,0.72,0.72,0.72,0.72,0.72,0.72,0.72,0.72,0.72,0.72,0.72,0.72,0.72,0.72,0.72,0.72,0.72,0.72,0.72,0.72,0.72,0.72,0.72,0.72,0.72,0.72,0.72,0.72,0.72,0.72,0.72,0.72,0.72,0.72,0.72,0.72,0.72,0.72,0.72,0.72,0.72,0.72,0.72,0.72,0.72
"time_to_ripen",30,30,30,30,30,30,30,30,30,30,30,30,30,30,30,30,30,30,30,30,30,30,30,30,30,30,30,30,30,30,30,30,30,30,30,30,30,30,30,30,30,30,30,30,30,30,30,30,30,30,30,30,30,30,30,30,30,30,30,30,30,30,30,30,30,30,30,30,30,30,30,30,30,30,30,30,30,30,30,30,30,30,30,30,30,30,30,30,30,30,30,30,30,30,30,30,30,30,30,30,30,30,30,30,30,30,30,30,30,30,30,30,30,30,30,30,30,30,30,30,30,30,30,30,30,30,30,30,30,30,30,30,30,30,30,30,30,30,30,30,30,30,30,30,30,30,30,30,30,30,30,30,30,30,30,30,30,30,30,30,30,30,30,30,30,30,30,30,30,30,30,30,30,30,30,30,30,30,30,30,30,30,30,30,30,30,30,30,30,30,30,30,30,30,30,30,30,30,30,30,30,30,30,30,30,30,30,30,30,30,30,30,30,30,30,30,30,30,30,30,30,30,30,30,30,30,30,30,30,30,30,30,30,30,30,30,30,30,30,30,30,30,30,30,30,30,30,30,30,30,30,30,30,30,30,30,30,30,30,30,30,30,30,30,30,30,30,30,30,30,30,30,30,30,30,30,30,30,30,30,30,30,30,30,30,30,30,30,30,30,30,30,30,30,30,30,30,30,30,30
"edibilityPrim",100,100,100,100,100,100,100,100,100,100,100,100,100,100,100,100,100,100,100,100,100,100,100,100,100,100,100,100,100,100,100,100,100,100,100,100,100,100,100,100,100,100,100,100,100,100,100,100,100,100,100,100,100,100,100,100,100,100,100,100,100,100,100,100,100,100,100,100,100,100,100,100,100,100,100,100,100,100,100,100,100,100,100,100,100,100,100,100,100,100,100,100,100,100,100,100,100,100,100,100,100,100,100,100,100,100,100,100,100,100,100,100,100,100,100,100,100,100,100,100,100,100,100,100,100,100,100,100,100,100,100,100,100,100,100,100,100,100,100,100,100,100,100,100,100,100,100,100,100,100,100,100,100,100,100,100,100,100,100,100,100,100,100,100,100,100,100,100,100,100,100,100,100,100,100,100,100,100,100,100,100,100,100,100,100,100,100,100,100,100,100,100,100,100,100,100,100,100,100,100,100,100,100,100,100,100,100,100,100,100,100,100,100,100,100,100,100,100,100,100,100,100,100,100,100,100,100,100,100,100,100,100,100,100,100,100,100,100,100,100,100,100,100,100,100,100,100,100,100,100,100,100,100,100,100,100,100,100,100,100,100,100,100,100,100,100,100,100,100,100,100,100,100,100,100,100,100,100,100,100,100,100,100,100,100,100,100,100,100,100,100,100,100,100,100,100,100,100,100,100
"time_to_dis",1,1,1,1,1,1,1,1,1,1,1,1,1,1,1,1,1,1,1,1,1,1,1,1,1,1,1,1,1,1,1,1,1,1,1,1,1,1,1,1,1,1,1,1,1,1,1,1,1,1,1,1,1,1,1,1,1,1,1,1,1,1,1,1,1,1,1,1,1,1,1,1,1,1,1,1,1,1,1,1,1,1,1,1,1,1,1,1,1,1,1,1,1,1,1,1,1,1,1,1,1,1,1,1,1,1,1,1,1,1,1,1,1,1,1,1,1,1,1,1,1,1,1,1,1,1,1,1,1,1,1,1,1,1,1,1,1,1,1,1,1,1,1,1,1,1,1,1,1,1,1,1,1,1,1,1,1,1,1,1,1,1,1,1,1,1,1,1,1,1,1,1,1,1,1,1,1,1,1,1,1,1,1,1,1,1,1,1,1,1,1,1,1,1,1,1,1,1,1,1,1,1,1,1,1,1,1,1,1,1,1,1,1,1,1,1,1,1,1,1,1,1,1,1,1,1,1,1,1,1,1,1,1,1,1,1,1,1,1,1,1,1,1,1,1,1,1,1,1,1,1,1,1,1,1,1,1,1,1,1,1,1,1,1,1,1,1,1,1,1,1,1,1,1,1,1,1,1,1,1,1,1,1,1,1,1,1,1,1,1,1,1,1,1,1,1,1,1,1,1
"decay_start",100,100,100,100,100,100,100,100,100,100,100,100,100,100,100,100,100,100,100,100,100,100,100,100,100,100,100,100,100,100,100,100,100,100,100,100,100,100,100,100,100,100,100,100,100,100,100,100,100,100,100,100,100,100,100,100,100,100,100,100,100,100,100,100,100,100,100,100,100,100,100,100,100,100,100,100,100,100,100,100,100,100,100,100,100,100,100,100,100,100,100,100,100,100,100,100,100,100,100,100,100,100,100,100,100,100,100,100,100,100,100,100,100,100,100,100,100,100,100,100,100,100,100,100,100,100,100,100,100,100,100,100,100,100,100,100,100,100,100,100,100,100,100,100,100,100,100,100,100,100,100,100,100,100,100,100,100,100,100,100,100,100,100,100,100,100,100,100,100,100,100,100,100,100,100,100,100,100,100,100,100,100,100,100,100,100,100,100,100,100,100,100,100,100,100,100,100,100,100,100,100,100,100,100,100,100,100,100,100,100,100,100,100,100,100,100,100,100,100,100,100,100,100,100,100,100,100,100,100,100,100,100,100,100,100,100,100,100,100,100,100,100,100,100,100,100,100,100,100,100,100,100,100,100,100,100,100,100,100,100,100,100,100,100,100,100,100,100,100,100,100,100,100,100,100,100,100,100,100,100,100,100,100,100,100,100,100,100,100,100,100,100,100,100,100,100,100,100,100,100
"Fruit_max",1,1,1,1,1,1,1,1,1,1,1,1,1,1,1,1,1,1,1,1,1,1,1,1,1,1,1,1,1,1,1,1,1,1,1,1,1,1,1,1,1,1,1,1,1,1,1,1,1,1,1,1,1,1,1,1,1,1,1,1,1,1,1,1,1,1,1,1,1,1,1,1,1,1,1,1,1,1,1,1,1,1,1,1,1,1,1,1,1,1,1,1,1,1,1,1,1,1,1,1,1,1,1,1,1,1,1,1,1,1,1,1,1,1,1,1,1,1,1,1,1,1,1,1,1,1,1,1,1,1,1,1,1,1,1,1,1,1,1,1,1,1,1,1,1,1,1,1,1,1,1,1,1,1,1,1,1,1,1,1,1,1,1,1,1,1,1,1,1,1,1,1,1,1,1,1,1,1,1,1,1,1,1,1,1,1,1,1,1,1,1,1,1,1,1,1,1,1,1,1,1,1,1,1,1,1,1,1,1,1,1,1,1,1,1,1,1,1,1,1,1,1,1,1,1,1,1,1,1,1,1,1,1,1,1,1,1,1,1,1,1,1,1,1,1,1,1,1,1,1,1,1,1,1,1,1,1,1,1,1,1,1,1,1,1,1,1,1,1,1,1,1,1,1,1,1,1,1,1,1,1,1,1,1,1,1,1,1,1,1,1,1,1,1,1,1,1,1,1,1
"visual_det_range",27.9508497187474,27.9508497187474,27.9508497187474,27.9508497187474,27.9508497187474,27.9508497187474,27.9508497187474,27.9508497187474,27.9508497187474,27.9508497187474,27.9508497187474,27.9508497187474,27.9508497187474,27.9508497187474,27.9508497187474,27.9508497187474,27.9508497187474,27.9508497187474,27.9508497187474,27.9508497187474,27.9508497187474,27.9508497187474,27.9508497187474,27.9508497187474,27.9508497187474,27.9508497187474,27.9508497187474,27.9508497187474,27.9508497187474,27.9508497187474,27.9508497187474,27.9508497187474,27.9508497187474,27.9508497187474,27.9508497187474,27.9508497187474,27.9508497187474,27.9508497187474,27.9508497187474,27.9508497187474,27.9508497187474,27.9508497187474,27.9508497187474,27.9508497187474,27.9508497187474,27.9508497187474,27.9508497187474,27.9508497187474,27.9508497187474,27.9508497187474,27.9508497187474,27.9508497187474,27.9508497187474,27.9508497187474,27.9508497187474,27.9508497187474,27.9508497187474,27.9508497187474,27.9508497187474,27.9508497187474,27.9508497187474,27.9508497187474,27.9508497187474,27.9508497187474,27.9508497187474,27.9508497187474,27.9508497187474,27.9508497187474,27.9508497187474,27.9508497187474,27.9508497187474,27.9508497187474,27.9508497187474,27.9508497187474,27.9508497187474,27.9508497187474,27.9508497187474,27.9508497187474,27.9508497187474,27.9508497187474,27.9508497187474,27.9508497187474,27.9508497187474,27.9508497187474,27.9508497187474,27.9508497187474,27.9508497187474,27.9508497187474,27.9508497187474,27.9508497187474,27.9508497187474,27.9508497187474,27.9508497187474,27.9508497187474,27.9508497187474,27.9508497187474,27.9508497187474,27.9508497187474,27.9508497187474,27.9508497187474,27.9508497187474,27.9508497187474,27.9508497187474,27.9508497187474,27.9508497187474,27.9508497187474,27.9508497187474,27.9508497187474,27.9508497187474,27.9508497187474,27.9508497187474,27.9508497187474,27.9508497187474,27.9508497187474,27.9508497187474,27.9508497187474,27.9508497187474,27.9508497187474,27.9508497187474,27.9508497187474,27.9508497187474,27.9508497187474,27.9508497187474,27.9508497187474,27.9508497187474,27.9508497187474,27.9508497187474,27.9508497187474,27.9508497187474,27.9508497187474,27.9508497187474,27.9508497187474,27.9508497187474,27.9508497187474,27.9508497187474,27.9508497187474,27.9508497187474,27.9508497187474,27.9508497187474,27.9508497187474,27.9508497187474,27.9508497187474,27.9508497187474,27.9508497187474,27.9508497187474,27.9508497187474,27.9508497187474,27.9508497187474,27.9508497187474,27.9508497187474,27.9508497187474,27.9508497187474,27.9508497187474,27.9508497187474,27.9508497187474,27.9508497187474,27.9508497187474,27.9508497187474,27.9508497187474,27.9508497187474,27.9508497187474,27.9508497187474,27.9508497187474,27.9508497187474,27.9508497187474,27.9508497187474,27.9508497187474,27.9508497187474,27.9508497187474,27.9508497187474,27.9508497187474,27.9508497187474,27.9508497187474,27.9508497187474,27.9508497187474,27.9508497187474,27.9508497187474,27.9508497187474,27.9508497187474,27.9508497187474,27.9508497187474,27.9508497187474,27.9508497187474,27.9508497187474,27.9508497187474,27.9508497187474,27.9508497187474,27.9508497187474,27.9508497187474,27.9508497187474,27.9508497187474,27.9508497187474,27.9508497187474,27.9508497187474,27.9508497187474,27.9508497187474,27.9508497187474,27.9508497187474,27.9508497187474,27.9508497187474,27.9508497187474,27.9508497187474,27.9508497187474,27.9508497187474,27.9508497187474,27.9508497187474,27.9508497187474,27.9508497187474,27.9508497187474,27.9508497187474,27.9508497187474,27.9508497187474,27.9508497187474,27.9508497187474,27.9508497187474,27.9508497187474,27.9508497187474,27.9508497187474,27.9508497187474,27.9508497187474,27.9508497187474,27.9508497187474,27.9508497187474,27.9508497187474,27.9508497187474,27.9508497187474,27.9508497187474,27.9508497187474,27.9508497187474,27.9508497187474,27.9508497187474,27.9508497187474,27.9508497187474,27.9508497187474,27.9508497187474,27.9508497187474,27.9508497187474,27.9508497187474,27.9508497187474,27.9508497187474,27.9508497187474,27.9508497187474,27.9508497187474,27.9508497187474,27.9508497187474,27.9508497187474,27.9508497187474,27.9508497187474,27.9508497187474,27.9508497187474,27.9508497187474,27.9508497187474,27.9508497187474,27.9508497187474,27.9508497187474,27.9508497187474,27.9508497187474,27.9508497187474,27.9508497187474,27.9508497187474,27.9508497187474,27.9508497187474,27.9508497187474,27.9508497187474,27.9508497187474,27.9508497187474,27.9508497187474,27.9508497187474,27.9508497187474,27.9508497187474,27.9508497187474,27.9508497187474,27.9508497187474,27.9508497187474,27.9508497187474,27.9508497187474,27.9508497187474,27.9508497187474,27.9508497187474,27.9508497187474,27.9508497187474,27.9508497187474,27.9508497187474,27.9508497187474,27.9508497187474,27.9508497187474,27.9508497187474,27.9508497187474,27.9508497187474,27.9508497187474,27.9508497187474,27.9508497187474,27.9508497187474,27.9508497187474,27.9508497187474,27.9508497187474,27.9508497187474,27.9508497187474,27.9508497187474,27.9508497187474
"nTree",320,320,320,320,320,320,320,320,320,320,320,320,320,320,320,320,320,320,320,320,320,320,320,320,320,320,320,320,320,320,320,320,320,320,320,320,320,320,320,320,320,320,320,320,320,320,320,320,320,320,320,320,320,320,320,320,320,320,320,320,320,320,320,320,320,320,320,320,320,320,320,320,320,320,320,320,320,320,320,320,320,320,320,320,320,320,320,320,320,320,320,320,320,320,320,320,320,320,320,320,320,320,320,320,320,320,320,320,320,320,320,320,320,320,320,320,320,320,320,320,320,320,320,320,320,320,320,320,320,320,320,320,320,320,320,320,320,320,320,320,320,320,320,320,320,320,320,320,320,320,320,320,320,320,320,320,320,320,320,320,320,320,320,320,320,320,320,320,320,320,320,320,320,320,320,320,320,320,320,320,320,320,320,320,320,320,320,320,320,320,320,320,320,320,320,320,320,320,320,320,320,320,320,320,320,320,320,320,320,320,320,320,320,320,320,320,320,320,320,320,320,320,320,320,320,320,320,320,320,320,320,320,320,320,320,320,320,320,320,320,320,320,320,320,320,320,320,320,320,320,320,320,320,320,320,320,320,320,320,320,320,320,320,320,320,320,320,320,320,320,320,320,320,320,320,320,320,320,320,320,320,320,320,320,320,320,320,320,320,320,320,320,320,320,320,320,320,320,320,320
"env_xmin",0,0,0,0,0,0,0,0,0,0,0,0,0,0,0,0,0,0,0,0,0,0,0,0,0,0,0,0,0,0,0,0,0,0,0,0,0,0,0,0,0,0,0,0,0,0,0,0,0,0,0,0,0,0,0,0,0,0,0,0,0,0,0,0,0,0,0,0,0,0,0,0,0,0,0,0,0,0,0,0,0,0,0,0,0,0,0,0,0,0,0,0,0,0,0,0,0,0,0,0,0,0,0,0,0,0,0,0,0,0,0,0,0,0,0,0,0,0,0,0,0,0,0,0,0,0,0,0,0,0,0,0,0,0,0,0,0,0,0,0,0,0,0,0,0,0,0,0,0,0,0,0,0,0,0,0,0,0,0,0,0,0,0,0,0,0,0,0,0,0,0,0,0,0,0,0,0,0,0,0,0,0,0,0,0,0,0,0,0,0,0,0,0,0,0,0,0,0,0,0,0,0,0,0,0,0,0,0,0,0,0,0,0,0,0,0,0,0,0,0,0,0,0,0,0,0,0,0,0,0,0,0,0,0,0,0,0,0,0,0,0,0,0,0,0,0,0,0,0,0,0,0,0,0,0,0,0,0,0,0,0,0,0,0,0,0,0,0,0,0,0,0,0,0,0,0,0,0,0,0,0,0,0,0,0,0,0,0,0,0,0,0,0,0,0,0,0,0,0,0
"env_ymin",0,0,0,0,0,0,0,0,0,0,0,0,0,0,0,0,0,0,0,0,0,0,0,0,0,0,0,0,0,0,0,0,0,0,0,0,0,0,0,0,0,0,0,0,0,0,0,0,0,0,0,0,0,0,0,0,0,0,0,0,0,0,0,0,0,0,0,0,0,0,0,0,0,0,0,0,0,0,0,0,0,0,0,0,0,0,0,0,0,0,0,0,0,0,0,0,0,0,0,0,0,0,0,0,0,0,0,0,0,0,0,0,0,0,0,0,0,0,0,0,0,0,0,0,0,0,0,0,0,0,0,0,0,0,0,0,0,0,0,0,0,0,0,0,0,0,0,0,0,0,0,0,0,0,0,0,0,0,0,0,0,0,0,0,0,0,0,0,0,0,0,0,0,0,0,0,0,0,0,0,0,0,0,0,0,0,0,0,0,0,0,0,0,0,0,0,0,0,0,0,0,0,0,0,0,0,0,0,0,0,0,0,0,0,0,0,0,0,0,0,0,0,0,0,0,0,0,0,0,0,0,0,0,0,0,0,0,0,0,0,0,0,0,0,0,0,0,0,0,0,0,0,0,0,0,0,0,0,0,0,0,0,0,0,0,0,0,0,0,0,0,0,0,0,0,0,0,0,0,0,0,0,0,0,0,0,0,0,0,0,0,0,0,0,0,0,0,0,0,0
"env_ymax",1000,1000,1000,1000,1000,1000,1000,1000,1000,1000,1000,1000,1000,1000,1000,1000,1000,1000,1000,1000,1000,1000,1000,1000,1000,1000,1000,1000,1000,1000,1000,1000,1000,1000,1000,1000,1000,1000,1000,1000,1000,1000,1000,1000,1000,1000,1000,1000,1000,1000,1000,1000,1000,1000,1000,1000,1000,1000,1000,1000,1000,1000,1000,1000,1000,1000,1000,1000,1000,1000,1000,1000,1000,1000,1000,1000,1000,1000,1000,1000,1000,1000,1000,1000,1000,1000,1000,1000,1000,1000,1000,1000,1000,1000,1000,1000,1000,1000,1000,1000,1000,1000,1000,1000,1000,1000,1000,1000,1000,1000,1000,1000,1000,1000,1000,1000,1000,1000,1000,1000,1000,1000,1000,1000,1000,1000,1000,1000,1000,1000,1000,1000,1000,1000,1000,1000,1000,1000,1000,1000,1000,1000,1000,1000,1000,1000,1000,1000,1000,1000,1000,1000,1000,1000,1000,1000,1000,1000,1000,1000,1000,1000,1000,1000,1000,1000,1000,1000,1000,1000,1000,1000,1000,1000,1000,1000,1000,1000,1000,1000,1000,1000,1000,1000,1000,1000,1000,1000,1000,1000,1000,1000,1000,1000,1000,1000,1000,1000,1000,1000,1000,1000,1000,1000,1000,1000,1000,1000,1000,1000,1000,1000,1000,1000,1000,1000,1000,1000,1000,1000,1000,1000,1000,1000,1000,1000,1000,1000,1000,1000,1000,1000,1000,1000,1000,1000,1000,1000,1000,1000,1000,1000,1000,1000,1000,1000,1000,1000,1000,1000,1000,1000,1000,1000,1000,1000,1000,1000,1000,1000,1000,1000,1000,1000,1000,1000,1000,1000,1000,1000,1000,1000,1000,1000,1000,1000,1000,1000,1000,1000,1000,1000,1000,1000,1000,1000,1000,1000,1000,1000,1000,1000,1000,1000,1000,1000,1000,1000,1000,1000
"AverageRegenSteps",365,365,365,365,365,365,365,365,365,365,365,365,365,365,365,365,365,365,365,365,365,365,365,365,365,365,365,365,365,365,365,365,365,365,365,365,365,365,365,365,365,365,365,365,365,365,365,365,365,365,365,365,365,365,365,365,365,365,365,365,365,365,365,365,365,365,365,365,365,365,365,365,365,365,365,365,365,365,365,365,365,365,365,365,365,365,365,365,365,365,365,365,365,365,365,365,365,365,365,365,365,365,365,365,365,365,365,365,365,365,365,365,365,365,365,365,365,365,365,365,365,365,365,365,365,365,365,365,365,365,365,365,365,365,365,365,365,365,365,365,365,365,365,365,365,365,365,365,365,365,365,365,365,365,365,365,365,365,365,365,365,365,365,365,365,365,365,365,365,365,365,365,365,365,365,365,365,365,365,365,365,365,365,365,365,365,365,365,365,365,365,365,365,365,365,365,365,365,365,365,365,365,365,365,365,365,365,365,365,365,365,365,365,365,365,365,365,365,365,365,365,365,365,365,365,365,365,365,365,365,365,365,365,365,365,365,365,365,365,365,365,365,365,365,365,365,365,365,365,365,365,365,365,365,365,365,365,365,365,365,365,365,365,365,365,365,365,365,365,365,365,365,365,365,365,365,365,365,365,365,365,365,365,365,365,365,365,365,365,365,365,365,365,365,365,365,365,365,365,365
"eat_range",0,0,0,0,0,0,0,0,0,0,0,0,0,0,0,0,0,0,0,0,0,0,0,0,0,0,0,0,0,0,0,0,0,0,0,0,0,0,0,0,0,0,0,0,0,0,0,0,0,0,0,0,0,0,0,0,0,0,0,0,0,0,0,0,0,0,0,0,0,0,0,0,0,0,0,0,0,0,0,0,0,0,0,0,0,0,0,0,0,0,0,0,0,0,0,0,0,0,0,0,0,0,0,0,0,0,0,0,0,0,0,0,0,0,0,0,0,0,0,0,0,0,0,0,0,0,0,0,0,0,0,0,0,0,0,0,0,0,0,0,0,0,0,0,0,0,0,0,0,0,0,0,0,0,0,0,0,0,0,0,0,0,0,0,0,0,0,0,0,0,0,0,0,0,0,0,0,0,0,0,0,0,0,0,0,0,0,0,0,0,0,0,0,0,0,0,0,0,0,0,0,0,0,0,0,0,0,0,0,0,0,0,0,0,0,0,0,0,0,0,0,0,0,0,0,0,0,0,0,0,0,0,0,0,0,0,0,0,0,0,0,0,0,0,0,0,0,0,0,0,0,0,0,0,0,0,0,0,0,0,0,0,0,0,0,0,0,0,0,0,0,0,0,0,0,0,0,0,0,0,0,0,0,0,0,0,0,0,0,0,0,0,0,0,0,0,0,0,0,0
"mem_length_ts",120,120,120,120,120,120,120,120,120,120,120,120,120,120,120,120,120,120,120,120,120,120,120,120,120,120,120,120,120,120,120,120,120,120,120,120,120,120,120,120,120,120,120,120,120,120,120,120,120,120,120,120,120,120,120,120,120,120,120,120,120,120,120,120,120,120,120,120,120,120,120,120,120,120,120,120,120,120,120,120,120,120,120,120,120,120,120,120,120,120,120,120,120,120,120,120,120,120,120,120,120,120,120,120,120,120,120,120,120,120,120,120,120,120,120,120,120,120,120,120,120,120,120,120,120,120,120,120,120,120,120,120,120,120,120,120,120,120,120,120,120,120,120,120,120,120,120,120,120,120,120,120,120,120,120,120,120,120,120,120,120,120,120,120,120,120,120,120,120,120,120,120,120,120,120,120,120,120,120,120,120,120,120,120,120,120,120,120,120,120,120,120,120,120,120,120,120,120,120,120,120,120,120,120,120,120,120,120,120,120,120,120,120,120,120,120,120,120,120,120,120,120,120,120,120,120,120,120,120,120,120,120,120,120,120,120,120,120,120,120,120,120,120,120,120,120,120,120,120,120,120,120,120,120,120,120,120,120,120,120,120,120,120,120,120,120,120,120,120,120,120,120,120,120,120,120,120,120,120,120,120,120,120,120,120,120,120,120,120,120,120,120,120,120,120,120,120,120,120,120
"memory_slots",1,1,1,1,1,1,1,1,1,1,1,1,1,1,1,1,1,1,1,1,1,1,1,1,1,1,1,1,1,1,1,1,1,1,1,1,1,1,1,1,1,1,1,1,1,1,1,1,1,1,1,1,1,1,1,1,1,1,1,1,1,1,1,1,1,1,1,1,1,1,1,1,1,1,1,1,1,1,1,1,1,1,1,1,1,1,1,1,1,1,1,1,1,1,1,1,1,1,1,1,1,1,1,1,1,1,1,1,1,1,1,1,1,1,1,1,1,1,1,1,1,1,1,1,1,1,1,1,1,1,1,1,1,1,1,1,1,1,1,1,1,1,1,1,1,1,1,1,1,1,1,1,1,1,1,1,1,1,1,1,1,1,1,1,1,1,1,1,1,1,1,1,1,1,1,1,1,1,1,1,1,1,1,1,1,1,1,1,1,1,1,1,1,1,1,1,1,1,1,1,1,1,1,1,1,1,1,1,1,1,1,1,1,1,1,1,1,1,1,1,1,1,1,1,1,1,1,1,1,1,1,1,1,1,1,1,1,1,1,1,1,1,1,1,1,1,1,1,1,1,1,1,1,1,1,1,1,1,1,1,1,1,1,1,1,1,1,1,1,1,1,1,1,1,1,1,1,1,1,1,1,1,1,1,1,1,1,1,1,1,1,1,1,1,1,1,1,1,1,1
"stepsize_mean",100,100,100,100,100,100,100,100,100,100,100,100,100,100,100,100,100,100,100,100,100,100,100,100,100,100,100,100,100,100,100,100,100,100,100,100,100,100,100,100,100,100,100,100,100,100,100,100,100,100,100,100,100,100,100,100,100,100,100,100,100,100,100,100,100,100,100,100,100,100,100,100,100,100,100,100,100,100,100,100,100,100,100,100,100,100,100,100,100,100,100,100,100,100,100,100,100,100,100,100,100,100,100,100,100,100,100,100,100,100,100,100,100,100,100,100,100,100,100,100,100,100,100,100,100,100,100,100,100,100,100,100,100,100,100,100,100,100,100,100,100,100,100,100,100,100,100,100,100,100,100,100,100,100,100,100,100,100,100,100,100,100,100,100,100,100,100,100,100,100,100,100,100,100,100,100,100,100,100,100,100,100,100,100,100,100,100,100,100,100,100,100,100,100,100,100,100,100,100,100,100,100,100,100,100,100,100,100,100,100,100,100,100,100,100,100,100,100,100,100,100,100,100,100,100,100,100,100,100,100,100,100,100,100,100,100,100,100,100,100,100,100,100,100,100,100,100,100,100,100,100,100,100,100,100,100,100,100,100,100,100,100,100,100,100,100,100,100,100,100,100,100,100,100,100,100,100,100,100,100,100,100,100,100,100,100,100,100,100,100,100,100,100,100,100,100,100,100,100,100
"stepsize_sd",0,0,0,0,0,0,0,0,0,0,0,0,0,0,0,0,0,0,0,0,0,0,0,0,0,0,0,0,0,0,0,0,0,0,0,0,0,0,0,0,0,0,0,0,0,0,0,0,0,0,0,0,0,0,0,0,0,0,0,0,0,0,0,0,0,0,0,0,0,0,0,0,0,0,0,0,0,0,0,0,0,0,0,0,0,0,0,0,0,0,0,0,0,0,0,0,0,0,0,0,0,0,0,0,0,0,0,0,0,0,0,0,0,0,0,0,0,0,0,0,0,0,0,0,0,0,0,0,0,0,0,0,0,0,0,0,0,0,0,0,0,0,0,0,0,0,0,0,0,0,0,0,0,0,0,0,0,0,0,0,0,0,0,0,0,0,0,0,0,0,0,0,0,0,0,0,0,0,0,0,0,0,0,0,0,0,0,0,0,0,0,0,0,0,0,0,0,0,0,0,0,0,0,0,0,0,0,0,0,0,0,0,0,0,0,0,0,0,0,0,0,0,0,0,0,0,0,0,0,0,0,0,0,0,0,0,0,0,0,0,0,0,0,0,0,0,0,0,0,0,0,0,0,0,0,0,0,0,0,0,0,0,0,0,0,0,0,0,0,0,0,0,0,0,0,0,0,0,0,0,0,0,0,0,0,0,0,0,0,0,0,0,0,0,0,0,0,0,0,0
"wrapped_rho",0.9,0.9,0.9,0.9,0.9,0.9,0.9,0.9,0.9,0.9,0.9,0.9,0.9,0.9,0.9,0.9,0.9,0.9,0.9,0.9,0.9,0.9,0.9,0.9,0.9,0.9,0.9,0.9,0.9,0.9,0.9,0.9,0.9,0.9,0.9,0.9,0.9,0.9,0.9,0.9,0.9,0.9,0.9,0.9,0.9,0.9,0.9,0.9,0.9,0.9,0.9,0.9,0.9,0.9,0.9,0.9,0.9,0.9,0.9,0.9,0.9,0.9,0.9,0.9,0.9,0.9,0.9,0.9,0.9,0.9,0.9,0.9,0.9,0.9,0.9,0.9,0.9,0.9,0.9,0.9,0.9,0.9,0.9,0.9,0.9,0.9,0.9,0.9,0.9,0.9,0.9,0.9,0.9,0.9,0.9,0.9,0.9,0.9,0.9,0.9,0.9,0.9,0.9,0.9,0.9,0.9,0.9,0.9,0.9,0.9,0.9,0.9,0.9,0.9,0.9,0.9,0.9,0.9,0.9,0.9,0.9,0.9,0.9,0.9,0.9,0.9,0.9,0.9,0.9,0.9,0.9,0.9,0.9,0.9,0.9,0.9,0.9,0.9,0.9,0.9,0.9,0.9,0.9,0.9,0.9,0.9,0.9,0.9,0.9,0.9,0.9,0.9,0.9,0.9,0.9,0.9,0.9,0.9,0.9,0.9,0.9,0.9,0.9,0.9,0.9,0.9,0.9,0.9,0.9,0.9,0.9,0.9,0.9,0.9,0.9,0.9,0.9,0.9,0.9,0.9,0.9,0.9,0.9,0.9,0.9,0.9,0.9,0.9,0.9,0.9,0.9,0.9,0.9,0.9,0.9,0.9,0.9,0.9,0.9,0.9,0.9,0.9,0.9,0.9,0.9,0.9,0.9,0.9,0.9,0.9,0.9,0.9,0.9,0.9,0.9,0.9,0.9,0.9,0.9,0.9,0.9,0.9,0.9,0.9,0.9,0.9,0.9,0.9,0.9,0.9,0.9,0.9,0.9,0.9,0.9,0.9,0.9,0.9,0.9,0.9,0.9,0.9,0.9,0.9,0.9,0.9,0.9,0.9,0.9,0.9,0.9,0.9,0.9,0.9,0.9,0.9,0.9,0.9,0.9,0.9,0.9,0.9,0.9,0.9,0.9,0.9,0.9,0.9,0.9,0.9,0.9,0.9,0.9,0.9,0.9,0.9,0.9,0.9,0.9,0.9,0.9,0.9,0.9,0.9,0.9,0.9,0.9,0.9,0.9,0.9,0.9,0.9,0.9,0.9,0.9,0.9,0.9,0.9,0.9,0.9
"time",365,365,365,365,365,365,365,365,365,365,365,365,365,365,365,365,365,365,365,365,365,365,365,365,365,365,365,365,365,365,365,365,365,365,365,365,365,365,365,365,365,365,365,365,365,365,365,365,365,365,365,365,365,365,365,365,365,365,365,365,365,365,365,365,365,365,365,365,365,365,365,365,365,365,365,365,365,365,365,365,365,365,365,365,365,365,365,365,365,365,365,365,365,365,365,365,365,365,365,365,365,365,365,365,365,365,365,365,365,365,365,365,365,365,365,365,365,365,365,365,365,365,365,365,365,365,365,365,365,365,365,365,365,365,365,365,365,365,365,365,365,365,365,365,365,365,365,365,365,365,365,365,365,365,365,365,365,365,365,365,365,365,365,365,365,365,365,365,365,365,365,365,365,365,365,365,365,365,365,365,365,365,365,365,365,365,365,365,365,365,365,365,365,365,365,365,365,365,365,365,365,365,365,365,365,365,365,365,365,365,365,365,365,365,365,365,365,365,365,365,365,365,365,365,365,365,365,365,365,365,365,365,365,365,365,365,365,365,365,365,365,365,365,365,365,365,365,365,365,365,365,365,365,365,365,365,365,365,365,365,365,365,365,365,365,365,365,365,365,365,365,365,365,365,365,365,365,365,365,365,365,365,365,365,365,365,365,365,365,365,365,365,365,365,365,365,365,365,365,365
"ts",1843,1836,1839,1840,1841,1840,1845,1836,1837,1840,1839,1841,1841,1843,1839,1833,1838,1835,1839,1838,1838,1841,1838,1839,1845,1839,1839,1840,1838,1842,1840,1838,1835,1836,1836,1838,1836,1838,1834,1836,1838,1845,1838,1838,1840,1836,1840,1839,1837,1839,1839,1839,1837,1840,1838,1836,1842,1841,1846,1843,1838,1837,1845,1843,1836,1837,1834,1838,1836,1837,1838,1838,1841,1841,1835,1835,1841,1840,1838,1840,1836,1835,1840,1835,1837,1837,1839,1839,1842,1836,1840,1837,1839,1835,1838,1837,1839,1842,1843,1836,1845,1844,1835,1839,1843,1835,1838,1838,1839,1842,1836,1838,1835,1844,1835,1840,1839,1845,1836,1840,1833,1838,1841,1848,1840,1839,1835,1833,1834,1834,1837,1838,1841,1838,1839,1841,1839,1838,1839,1842,1840,1847,1839,1840,1839,1839,1837,1837,1836,1841,1838,1837,1839,1840,1841,1838,1837,1839,1840,1838,1839,1838,1841,1845,1838,1835,1843,1836,1840,1841,1836,1837,1839,1848,1839,1834,1841,1836,1838,1838,1832,1834,1832,1843,1839,1842,1836,1841,1835,1840,1842,1837,1841,1838,1842,1835,1835,1836,1835,1848,1842,1836,1842,1842,1840,1838,1838,1838,1837,1837,1840,1839,1842,1835,1838,1844,1836,1840,1839,1839,1837,1839,1842,1836,1842,1842,1838,1837,1845,1834,1834,1842,1838,1848,1837,1836,1840,1838,1837,1836,1836,1836,1838,1841,1841,1839,1839,1836,1836,1843,1841,1839,1834,1838,1842,1838,1843,1835,1840,1834,1842,1840,1838,1837,1845,1835,1843,1834,1837,1840,1842,1838,1836,1839,1840,1838,1839,1838,1843,1839,1838,1836,1841,1840,1836,1836,1838,1835,1847,1837,1835,1842,1841,1839,1835,1841,1835,1835,1841,1836
"seed",1,1,1,1,1,1,1,1,1,1,1,1,1,1,1,1,1,1,1,1,1,1,1,1,1,1,1,1,1,1,1,1,1,1,1,1,1,1,1,1,1,1,1,1,1,1,1,1,1,1,1,1,1,1,1,1,1,1,1,1,1,1,1,1,1,1,1,1,1,1,1,1,1,1,1,1,1,1,1,1,1,1,1,1,1,1,1,1,1,1,1,1,1,1,1,1,1,1,1,1,1,1,1,1,1,1,1,1,1,1,1,1,1,1,1,1,1,1,1,1,1,1,1,1,1,1,1,1,1,1,1,1,1,1,1,1,1,1,1,1,1,1,1,1,1,1,1,1,1,1,1,1,1,1,1,1,1,1,1,1,1,1,1,1,1,1,1,1,1,1,1,1,1,1,1,1,1,1,1,1,1,1,1,1,1,1,1,1,1,1,1,1,1,1,1,1,1,1,1,1,1,1,1,1,1,1,1,1,1,1,1,1,1,1,1,1,1,1,1,1,1,1,1,1,1,1,1,1,1,1,1,1,1,1,1,1,1,1,1,1,1,1,1,1,1,1,1,1,1,1,1,1,1,1,1,1,1,1,1,1,1,1,1,1,1,1,1,1,1,1,1,1,1,1,1,1,1,1,1,1,1,1,1,1,1,1,1,1,1,1,1,1,1,1,1,1,1,1,1,1
"cent_std",0,0,0,0,0,0,0,0,0,0,0,0,0,0,0,0,0,0,0,0,0,0,0,0,0,0,0,0,0,0,0,0,0,0,0,0,0,0,0,0,0,0,0,0,0,0,0,0,0,0,0,0,0,0,0,0,0,0,0,0,0,0,0,0,0,0,0,0,0,0,0,0,0,0,0,0,0,0,0,0,0,0,0,0,0,0,0,0,0,0,0,0,0,0,0,0,0,0,0,0,0,0,0,0,0,0,0,0,0,0,0,0,0,0,0,0,0,0,0,0,0,0,0,0,0,0,0,0,0,0,0,0,0,0,0,0,0,0,0,0,0,0,0,0,0,0,0,0,0,0,0,0,0,0,0,0,0,0,0,0,0,0,0,0,0,0,0,0,0,0,0,0,0,0,0,0,0,0,0,0,0,0,0,0,0,0,0,0,0,0,0,0,0,0,0,0,0,0,0,0,0,0,0,0,0,0,0,0,0,0,0,0,0,0,0,0,0,0,0,0,0,0,0,0,0,0,0,0,0,0,0,0,0,0,0,0,0,0,0,0,0,0,0,0,0,0,0,0,0,0,0,0,0,0,0,0,0,0,0,0,0,0,0,0,0,0,0,0,0,0,0,0,0,0,0,0,0,0,0,0,0,0,0,0,0,0,0,0,0,0,0,0,0,0,0,0,0,0,0,0
"memory",1,1,1,1,1,1,1,1,1,1,1,1,1,1,1,1,1,1,1,1,1,1,1,1,1,1,1,1,1,1,1,1,1,1,1,1,1,1,1,1,1,1,1,1,1,1,1,1,1,1,1,1,1,1,1,1,1,1,1,1,1,1,1,1,1,1,1,1,1,1,1,1,1,1,1,1,1,1,1,1,1,1,1,1,1,1,1,1,1,1,1,1,1,1,1,1,1,1,1,1,1,1,1,1,1,1,1,1,1,1,1,1,1,1,1,1,1,1,1,1,1,1,1,1,1,1,1,1,1,1,1,1,1,1,1,1,1,1,1,1,1,1,1,1,1,1,1,1,1,1,1,1,1,1,1,1,1,1,1,1,1,1,1,1,1,1,1,1,1,1,1,1,1,1,1,1,1,1,1,1,1,1,1,1,1,1,1,1,1,1,1,1,1,1,1,1,1,1,1,1,1,1,1,1,1,1,1,1,1,1,1,1,1,1,1,1,1,1,1,1,1,1,1,1,1,1,1,1,1,1,1,1,1,1,1,1,1,1,1,1,1,1,1,1,1,1,1,1,1,1,1,1,1,1,1,1,1,1,1,1,1,1,1,1,1,1,1,1,1,1,1,1,1,1,1,1,1,1,1,1,1,1,1,1,1,1,1,1,1,1,1,1,1,1,1,1,1,1,1,1
